Gaussian 0: pi:0.09	 cov:[7214.84, -1157.76, 1195.77, -1583.76, 4261.01, 1530.29, 12369.89, -3026.68, -4815.42, 6521.87, 5326.88, -71.05, -12949.02, -7951.76, 8088.99, 973.36, 1231.28, 3838.78, -2457.84, 1826.60, 451.94, -1593.39, -2297.71, -3225.90, 3804.11, -1157.76, 42468.04, -27638.67, -390.68, 30098.32, 53460.09, 26573.13, -5768.88, 48727.08, -8153.45, 35622.32, 32723.96, 6512.60, 25047.97, -20511.86, -16190.49, 16655.52, 8343.67, 4922.13, 13579.11, 6440.59, -906.70, 8405.31, -9219.40, 10352.62, 1195.77, -27638.67, 24191.75, -1083.15, -26106.87, -43477.73, -17467.22, 4625.31, -33351.50, 8308.53, -27937.02, -20703.88, -5194.62, -17954.44, 11676.70, 10536.00, -11011.54, -4239.62, 271.34, -11011.57, -1412.33, 1301.10, -5949.56, 5725.42, -7293.55, -1583.76, -390.68, -1083.15, 15126.11, 9941.60, -11212.15, -24170.52, 4639.79, 2719.53, 3228.90, -13093.83, -11627.61, 4694.52, -3035.81, -2728.61, 2029.45, -5869.21, -7469.82, -554.37, -1144.19, -3047.01, 785.69, 470.25, 2622.55, -2413.85, 4261.01, 30098.32, -26106.87, 9941.60, 52271.50, 51876.42, 18867.52, -7614.69, 39693.88, 3919.47, 38361.37, 14035.63, -5391.40, 12016.36, -3894.83, -11045.26, 6393.81, 4952.12, -4625.38, 15442.19, 2453.24, -7628.11, 4982.23, -12958.67, 15142.06, 1530.29, 53460.09, -43477.73, -11212.15, 51876.42, 129925.93, 87160.39, -24086.82, 72256.08, -16542.34, 98120.57, 59186.13, 4116.60, 40364.07, -14224.05, -25302.20, 27272.62, 29904.64, -5930.24, 34857.30, 7510.10, -13353.72, 12269.17, -23464.68, 21438.17, 12369.89, 26573.13, -17467.22, -24170.52, 18867.52, 87160.39, 100917.44, -24041.74, 32579.29, -1561.73, 76194.71, 46796.75, -22742.27, 11590.34, 6328.82, -13340.26, 24464.27, 35386.93, -5549.26, 26456.95, 7940.50, -10611.92, 2313.95, -21834.75, 16933.06, -3026.68, -5768.88, 4625.31, 4639.79, -7614.69, -24086.82, -24041.74, 9197.49, -8863.73, -1552.24, -22643.70, -8816.64, 3200.26, -3175.52, -2525.41, 3687.20, -5050.49, -8158.30, 2027.92, -8585.11, -3639.32, 3570.35, -628.61, 6196.14, -4887.85, -4815.42, 48727.08, -33351.50, 2719.53, 39693.88, 72256.08, 32579.29, -8863.73, 65949.30, -10433.31, 47827.05, 40080.61, 12849.86, 33208.03, -24890.36, -20616.44, 18580.85, 12472.80, 5035.55, 19572.55, 7357.14, -3918.24, 11522.34, -12055.02, 11439.56, 6521.87, -8153.45, 8308.53, 3228.90, 3919.47, -16542.34, -1561.73, -1552.24, -10433.31, 17932.95, -6737.73, -13179.49, -13811.59, -15915.94, 10973.73, 6021.44, -5894.07, -741.13, -1157.29, 287.15, 3577.91, -2004.39, -6622.78, -3530.94, 1239.64, 5326.88, 35622.32, -27937.02, -13093.83, 38361.37, 98120.57, 76194.71, -22643.70, 47827.05, -6737.73, 82288.14, 43141.08, -4226.50, 25917.15, -3681.14, -19156.86, 20550.91, 26100.55, -6503.10, 28079.06, 7712.74, -13286.95, 6906.81, -21845.89, 20927.56, -71.05, 32723.96, -20703.88, -11627.61, 14035.63, 59186.13, 46796.75, -8816.64, 40080.61, -13179.49, 43141.08, 44552.14, 3477.69, 26003.54, -13450.56, -17566.38, 19613.90, 16613.15, 4980.37, 12526.80, 6424.60, -5351.15, 9521.78, -9001.54, 11824.40, -12949.02, 6512.60, -5194.62, 4694.52, -5391.40, 4116.60, -22742.27, 3200.26, 12849.86, -13811.59, -4226.50, 3477.69, 32998.99, 18967.61, -19311.18, -4723.26, 592.32, -8059.27, 5545.99, 176.69, 509.41, 2892.15, 6559.56, 5750.09, -6209.42, -7951.76, 25047.97, -17954.44, -3035.81, 12016.36, 40364.07, 11590.34, -3175.52, 33208.03, -15915.94, 25917.15, 26003.54, 18967.61, 30035.36, -18408.05, -15070.93, 10011.60, 3687.93, 4264.92, 6505.56, 4019.15, -2802.54, 9393.41, -2456.00, 6676.32, 8088.99, -20511.86, 11676.70, -2728.61, -3894.83, -14224.05, 6328.82, -2525.41, -24890.36, 10973.73, -3681.14, -13450.56, -19311.18, -18408.05, 22754.98, 8654.34, -7694.07, 2267.92, -6477.10, -2935.28, -1452.64, -3738.69, -6029.55, -1151.62, 1924.67, 973.36, -16190.49, 10536.00, 2029.45, -11045.26, -25302.20, -13340.26, 3687.20, -20616.44, 6021.44, -19156.86, -17566.38, -4723.26, -15070.93, 8654.34, 12607.07, -7548.00, -4620.77, -2380.18, -5460.96, -2662.21, 3688.89, -4944.43, 4215.54, -7945.92, 1231.28, 16655.52, -11011.54, -5869.21, 6393.81, 27272.62, 24464.27, -5050.49, 18580.85, -5894.07, 20550.91, 19613.90, 592.32, 10011.60, -7694.07, -7548.00, 12569.71, 8298.46, 1913.90, 7667.26, 2118.80, -81.25, 3915.94, -4685.68, 4159.11, 3838.78, 8343.67, -4239.62, -7469.82, 4952.12, 29904.64, 35386.93, -8158.30, 12472.80, -741.13, 26100.55, 16613.15, -8059.27, 3687.93, 2267.92, -4620.77, 8298.46, 16687.43, -1813.83, 9448.01, 2634.27, -3354.07, 1834.79, -8403.57, 5010.69, -2457.84, 4922.13, 271.34, -554.37, -4625.38, -5930.24, -5549.26, 2027.92, 5035.55, -1157.29, -6503.10, 4980.37, 5545.99, 4264.92, -6477.10, -2380.18, 1913.90, -1813.83, 6947.59, -2268.40, 3062.27, 1741.61, 1934.16, 1919.45, -819.03, 1826.60, 13579.11, -11011.57, -1144.19, 15442.19, 34857.30, 26456.95, -8585.11, 19572.55, 287.15, 28079.06, 12526.80, 176.69, 6505.56, -2935.28, -5460.96, 7667.26, 9448.01, -2268.40, 15498.16, 2481.84, -3252.89, 1248.64, -9322.06, 4839.07, 451.94, 6440.59, -1412.33, -3047.01, 2453.24, 7510.10, 7940.50, -3639.32, 7357.14, 3577.91, 7712.74, 6424.60, 509.41, 4019.15, -1452.64, -2662.21, 2118.80, 2634.27, 3062.27, 2481.84, 8089.31, -1761.51, 871.29, -3120.89, 2886.63, -1593.39, -906.70, 1301.10, 785.69, -7628.11, -13353.72, -10611.92, 3570.35, -3918.24, -2004.39, -13286.95, -5351.15, 2892.15, -2802.54, -3738.69, 3688.89, -81.25, -3354.07, 1741.61, -3252.89, -1761.51, 7895.69, -5.14, 4177.30, -6257.25, -2297.71, 8405.31, -5949.56, 470.25, 4982.23, 12269.17, 2313.95, -628.61, 11522.34, -6622.78, 6906.81, 9521.78, 6559.56, 9393.41, -6029.55, -4944.43, 3915.94, 1834.79, 1934.16, 1248.64, 871.29, -5.14, 6398.01, 23.60, 1914.89, -3225.90, -9219.40, 5725.42, 2622.55, -12958.67, -23464.68, -21834.75, 6196.14, -12055.02, -3530.94, -21845.89, -9001.54, 5750.09, -2456.00, -1151.62, 4215.54, -4685.68, -8403.57, 1919.45, -9322.06, -3120.89, 4177.30, 23.60, 9760.80, -6696.16, 3804.11, 10352.62, -7293.55, -2413.85, 15142.06, 21438.17, 16933.06, -4887.85, 11439.56, 1239.64, 20927.56, 11824.40, -6209.42, 6676.32, 1924.67, -7945.92, 4159.11, 5010.69, -819.03, 4839.07, 2886.63, -6257.25, 1914.89, -6696.16, 12657.99],   mean:[885.45, -442.55, 90.18, 114.54, 294.17, -31.22, 69.19, -153.30, -102.89, -54.98, 35.95, 30.05, -25.48, -91.80, 202.80, -46.87, 70.36, 49.85, -44.52, 17.91, -7.55, -7.68, 78.39, 17.55, 17.15], 5610
Gaussian 1: pi:0.15	 cov:[185850.03, -26451.92, -44732.79, 31078.40, 17645.93, 8143.62, 6830.44, -7600.53, 6354.99, -497.19, -41062.75, -13398.58, -5830.73, 11602.22, -17792.13, 5979.91, -14202.31, -6842.50, 14871.07, 3596.12, -13836.33, 7764.07, -15062.36, -9219.98, 2424.17, -26451.92, 187358.54, 8921.21, -27188.97, 49833.69, 22375.38, -18638.30, -19000.00, -33805.82, 7187.93, 34061.95, -21831.18, 12568.78, -21127.80, 13866.99, -11679.63, 18894.72, -7725.12, -15521.09, -17136.44, 21859.85, 9493.02, -20331.60, 8718.95, -4079.17, -44732.79, 8921.21, 193479.26, 5014.30, 4230.90, -2013.99, -54430.69, 36083.38, 29813.97, -23951.51, 19206.73, -1175.60, -11808.58, -13443.37, -22377.15, -13726.42, 35518.22, 13704.49, -30935.42, -3963.72, 3408.62, -17193.68, 6983.81, 17707.70, 14155.76, 31078.40, -27188.97, 5014.30, 169236.39, 1432.22, -9266.10, -2598.21, 14869.14, 13256.51, -15084.92, 3752.91, 8587.20, -21085.83, 15517.48, -28481.85, -3187.38, 5168.81, -11082.94, 6183.15, 2933.68, 10540.73, -2281.44, -9969.14, 10942.52, 17384.07, 17645.93, 49833.69, 4230.90, 1432.22, 149405.93, 34406.99, -31961.10, 2543.50, -5668.56, 9215.58, 5000.60, -1127.80, 24950.62, -16612.97, 12845.39, 130.04, 1347.63, -12874.42, -5119.77, -13807.40, 7259.74, 10052.48, -3820.28, 5654.39, -3684.83, 8143.62, 22375.38, -2013.99, -9266.10, 34406.99, 106579.10, -709.23, -2950.94, -46998.84, 1266.88, -5090.65, 11294.52, 4307.26, -2302.32, 13829.68, 1592.90, 1307.75, -20560.31, -6076.91, -1579.46, 7246.64, -6910.45, -15024.58, -3504.86, 1492.93, 6830.44, -18638.30, -54430.69, -2598.21, -31961.10, -709.23, 134165.67, 3531.73, -17686.65, -144.75, -23690.54, -13385.83, 5942.46, -7567.33, -5677.35, 17732.72, -12272.68, -15828.02, 16985.03, -3542.40, -13457.67, 13310.58, -1834.08, -17312.72, -5533.55, -7600.53, -19000.00, 36083.38, 14869.14, 2543.50, -2950.94, 3531.73, 96284.04, 36041.25, 13150.80, -3405.22, 8537.56, -21103.72, 3028.13, -4980.45, 9318.64, 3939.05, -2327.64, -7464.25, 5544.49, 552.84, 5212.40, 6858.92, 5269.32, 7313.56, 6354.99, -33805.82, 29813.97, 13256.51, -5668.56, -46998.84, -17686.65, 36041.25, 153433.05, 7060.85, -767.61, -11690.24, -16916.07, -6993.02, -1568.99, 20475.03, 1933.64, 23700.16, -529.28, 7124.96, -12777.31, 361.24, 21100.06, -1699.95, -4553.08, -497.19, 7187.93, -23951.51, -15084.92, 9215.58, 1266.88, -144.75, 13150.80, 7060.85, 66230.64, -1144.25, 14195.84, 1994.68, -1380.42, 12964.79, 15048.77, -10526.49, 2112.40, -3796.00, 871.80, -6668.89, 11465.44, -2635.08, 7755.41, -13012.46, -41062.75, 34061.95, 19206.73, 3752.91, 5000.60, -5090.65, -23690.54, -3405.22, -767.61, -1144.25, 95730.30, -4027.98, 295.09, -12107.81, -131.54, -5565.91, 12644.27, -13744.87, -6861.05, -3492.28, -2389.85, -2843.31, 6432.18, 12749.40, -6031.31, -13398.58, -21831.18, -1175.60, 8587.20, -1127.80, 11294.52, -13385.83, 8537.56, -11690.24, 14195.84, -4027.98, 68470.11, -1606.43, -938.47, 7745.43, 2493.18, -6602.79, 598.67, 1008.52, 9568.67, 2920.50, 629.13, -1678.98, -1134.05, -3088.79, -5830.73, 12568.78, -11808.58, -21085.83, 24950.62, 4307.26, 5942.46, -21103.72, -16916.07, 1994.68, 295.09, -1606.43, 70038.93, -7836.16, 9658.31, -1553.89, -4323.54, 2590.03, 4844.49, -14314.96, -1395.12, -1672.52, 6399.22, -9006.94, 587.73, 11602.22, -21127.80, -13443.37, 15517.48, -16612.97, -2302.32, -7567.33, 3028.13, -6993.02, -1380.42, -12107.81, -938.47, -7836.16, 59924.04, 4507.17, 3037.31, -6390.62, 5290.03, 5674.45, 7557.19, -2751.63, -57.55, -4458.70, -8021.16, 11939.98, -17792.13, 13866.99, -22377.15, -28481.85, 12845.39, 13829.68, -5677.35, -4980.45, -1568.99, 12964.79, -131.54, 7745.43, 9658.31, 4507.17, 61918.25, 10501.35, -8945.28, -5207.66, 6260.19, 154.33, -173.51, 4970.93, -1979.07, 1285.44, -7749.02, 5979.91, -11679.63, -13726.42, -3187.38, 130.04, 1592.90, 17732.72, 9318.64, 20475.03, 15048.77, -5565.91, 2493.18, -1553.89, 3037.31, 10501.35, 61718.54, -2521.38, 6562.99, 7481.47, 464.80, -9537.41, 7044.57, 8076.66, -7080.14, -2844.47, -14202.31, 18894.72, 35518.22, 5168.81, 1347.63, 1307.75, -12272.68, 3939.05, 1933.64, -10526.49, 12644.27, -6602.79, -4323.54, -6390.62, -8945.28, -2521.38, 50407.21, 2436.40, -7486.39, -4080.16, 4981.11, -923.72, -5216.27, 6921.62, 5143.69, -6842.50, -7725.12, 13704.49, -11082.94, -12874.42, -20560.31, -15828.02, -2327.64, 23700.16, 2112.40, -13744.87, 598.67, 2590.03, 5290.03, -5207.66, 6562.99, 2436.40, 70015.12, 1726.23, 1213.85, -153.11, 1986.21, 14954.97, -3244.93, 3546.36, 14871.07, -15521.09, -30935.42, 6183.15, -5119.77, -6076.91, 16985.03, -7464.25, -529.28, -3796.00, -6861.05, 1008.52, 4844.49, 5674.45, 6260.19, 7481.47, -7486.39, 1726.23, 49765.94, 1170.51, -8666.72, 2211.33, -2349.52, -4148.79, -3037.09, 3596.12, -17136.44, -3963.72, 2933.68, -13807.40, -1579.46, -3542.40, 5544.49, 7124.96, 871.80, -3492.28, 9568.67, -14314.96, 7557.19, 154.33, 464.80, -4080.16, 1213.85, 1170.51, 39791.07, -5204.61, 1390.69, 2930.59, 3259.80, 2646.73, -13836.33, 21859.85, 3408.62, 10540.73, 7259.74, 7246.64, -13457.67, 552.84, -12777.31, -6668.89, -2389.85, 2920.50, -1395.12, -2751.63, -173.51, -9537.41, 4981.11, -153.11, -8666.72, -5204.61, 46813.29, -1978.04, 2308.99, -802.93, 1288.86, 7764.07, 9493.02, -17193.68, -2281.44, 10052.48, -6910.45, 13310.58, 5212.40, 361.24, 11465.44, -2843.31, 629.13, -1672.52, -57.55, 4970.93, 7044.57, -923.72, 1986.21, 2211.33, 1390.69, -1978.04, 47932.84, 21.90, -321.37, 4777.19, -15062.36, -20331.60, 6983.81, -9969.14, -3820.28, -15024.58, -1834.08, 6858.92, 21100.06, -2635.08, 6432.18, -1678.98, 6399.22, -4458.70, -1979.07, 8076.66, -5216.27, 14954.97, -2349.52, 2930.59, 2308.99, 21.90, 46271.82, -5643.52, 229.08, -9219.98, 8718.95, 17707.70, 10942.52, 5654.39, -3504.86, -17312.72, 5269.32, -1699.95, 7755.41, 12749.40, -1134.05, -9006.94, -8021.16, 1285.44, -7080.14, 6921.62, -3244.93, -4148.79, 3259.80, -802.93, -321.37, -5643.52, 45084.92, -1111.87, 2424.17, -4079.17, 14155.76, 17384.07, -3684.83, 1492.93, -5533.55, 7313.56, -4553.08, -13012.46, -6031.31, -3088.79, 587.73, 11939.98, -7749.02, -2844.47, 5143.69, 3546.36, -3037.09, 2646.73, 1288.86, 4777.19, 229.08, -1111.87, 38015.70],   mean:[-194.95, -151.40, 197.62, 278.93, -222.08, -209.84, 105.21, 124.71, 58.00, -101.59, 78.39, 4.21, -38.88, 35.85, -66.11, 11.77, 30.32, -20.33, 5.90, 15.02, -10.67, -31.16, 29.79, 14.67, 10.89], 8922
Gaussian 2: pi:0.06	 cov:[80078.88, -50640.82, 2624.22, 20001.68, -16355.36, -12821.20, -2182.94, -46825.05, 10006.39, 6357.76, -23121.63, 9824.07, -48184.99, 480.10, -49490.38, -18705.83, 759.39, -119.44, 14811.29, -1748.39, 981.38, -1315.58, -11327.09, -19913.09, 5923.60, -50640.82, 70578.39, -14079.11, -28729.31, 5484.85, 16974.47, 14202.02, 42603.51, -9047.19, -17182.39, 2368.85, 11388.89, 36855.25, 21646.52, 30669.68, 9969.44, -5486.65, 20251.53, -2816.78, -13622.64, 1734.86, -12780.96, 6786.55, 23840.72, 5992.60, 2624.22, -14079.11, 101969.66, -25390.54, 2631.66, -61036.09, 17828.37, -36154.96, -6371.50, 89578.31, 18610.28, -20324.36, -7408.90, -27481.54, 625.61, 29218.97, 6786.30, 543.85, -121.12, 32175.59, 9366.27, -12066.71, -22041.28, -14033.07, 6149.73, 20001.68, -28729.31, -25390.54, 46318.97, 17524.60, 18864.48, -38092.79, 433.00, 7394.52, -17934.29, -5736.91, -5989.04, 2473.47, -1153.10, -12495.95, -6807.06, 1593.53, -6331.84, -6797.42, 3543.91, -10960.14, 9153.25, 4401.12, -5259.05, -11670.39, -16355.36, 5484.85, 2631.66, 17524.60, 45303.52, 23904.11, -30784.78, 11993.99, -3987.50, 883.22, 2773.53, -1259.36, 23540.18, 6696.65, 22182.17, 9519.78, -1064.23, -2989.86, -6917.00, 3915.63, 731.09, -6426.40, 658.31, 14102.47, -763.81, -12821.20, 16974.47, -61036.09, 18864.48, 23904.11, 75738.09, -27032.51, 32925.01, -6126.58, -54797.81, -21329.51, 20850.21, 22372.26, 26504.46, 16275.34, -9550.24, 9937.29, 5541.65, -4231.39, -22398.62, -7495.97, 857.76, 8321.64, 23006.45, -4048.60, -2182.94, 14202.02, 17828.37, -38092.79, -30784.78, -27032.51, 60145.09, -4843.82, -1882.41, 17275.18, 15709.85, 8103.01, -15676.01, -7918.45, 2734.08, -5455.68, -4360.43, -7851.59, 12293.72, -9415.57, 8565.35, -13161.00, -5567.01, -3029.70, 563.69, -46825.05, 42603.51, -36154.96, 433.00, 11993.99, 32925.01, -4843.82, 71518.30, -4673.50, -31544.20, 13129.98, -420.31, 44912.09, 21670.80, 34185.50, 3065.67, -3955.31, 3470.77, -4920.65, -11797.30, -3414.93, 968.72, 13414.60, 20927.66, -14094.30, 10006.39, -9047.19, -6371.50, 7394.52, -3987.50, -6126.58, -1882.41, -4673.50, 37857.22, -44.42, 12371.88, 472.06, -27989.33, 731.00, -11533.82, -12643.30, -18280.74, -21304.50, -5027.43, -4663.73, -782.89, 1628.46, 2468.73, -7817.09, 7115.95, 6357.76, -17182.39, 89578.31, -17934.29, 883.22, -54797.81, 17275.18, -31544.20, -44.42, 97998.46, 18897.22, -13965.27, -10774.37, -24469.19, 2903.82, 24960.97, 10076.06, -2318.81, -279.44, 27655.73, 15425.27, -15223.89, -28309.05, -22363.56, 6041.69, -23121.63, 2368.85, 18610.28, -5736.91, 2773.53, -21329.51, 15709.85, 13129.98, 12371.88, 18897.22, 41183.65, -10537.28, 5579.76, -12149.39, 16964.86, 4194.11, -10490.98, -21186.38, -5853.27, 5013.50, 323.26, -60.49, 4036.02, -1986.91, -6469.99, 9824.07, 11388.89, -20324.36, -5989.04, -1259.36, 20850.21, 8103.01, -420.31, 472.06, -13965.27, -10537.28, 43466.48, -4084.00, 19240.21, 3745.37, -6198.00, 7457.53, 6570.10, 5067.19, -25581.36, 7885.37, -4887.26, -6181.54, 9217.45, 6657.04, -48184.99, 36855.25, -7408.90, 2473.47, 23540.18, 22372.26, -15676.01, 44912.09, -27989.33, -10774.37, 5579.76, -4084.00, 71666.38, 9584.49, 36865.11, 19950.33, 15864.89, 19775.78, -7297.37, 2577.85, -6356.20, -3224.15, 7594.99, 21306.80, -16738.14, 480.10, 21646.52, -27481.54, -1153.10, 6696.65, 26504.46, -7918.45, 21670.80, 731.00, -24469.19, -12149.39, 19240.21, 9584.49, 33562.61, 6632.71, -6940.41, -441.72, 12504.13, 4824.96, -15574.71, 5818.00, -784.49, 7629.01, 17426.81, 8184.13, -49490.38, 30669.68, 625.61, -12495.95, 22182.17, 16275.34, 2734.08, 34185.50, -11533.82, 2903.82, 16964.86, 3745.37, 36865.11, 6632.71, 52581.14, 9542.78, 2677.92, -798.87, -6218.07, -3034.99, 10933.14, -5224.95, 4473.87, 20757.39, -847.70, -18705.83, 9969.44, 29218.97, -6807.06, 9519.78, -9550.24, -5455.68, 3065.67, -12643.30, 24960.97, 4194.11, -6198.00, 19950.33, -6940.41, 9542.78, 25477.09, 10283.37, 10979.82, -6737.37, 11570.02, -2648.74, -2696.07, -7419.68, 652.18, -2291.77, 759.39, -5486.65, 6786.30, 1593.53, -1064.23, 9937.29, -4360.43, -3955.31, -18280.74, 10076.06, -10490.98, 7457.53, 15864.89, -441.72, 2677.92, 10283.37, 27123.29, 12659.70, -2140.45, 3379.15, -1601.29, 480.96, -6714.81, 414.94, -6489.30, -119.44, 20251.53, 543.85, -6331.84, -2989.86, 5541.65, -7851.59, 3470.77, -21304.50, -2318.81, -21186.38, 6570.10, 19775.78, 12504.13, -798.87, 10979.82, 12659.70, 38980.26, 1954.15, 569.37, 1697.72, -674.12, -5049.39, 4764.97, 5222.22, 14811.29, -2816.78, -121.12, -6797.42, -6917.00, -4231.39, 12293.72, -4920.65, -5027.43, -279.44, -5853.27, 5067.19, -7297.37, 4824.96, -6218.07, -6737.37, -2140.45, 1954.15, 15695.52, -4237.72, 6564.65, -3752.84, -1790.90, 143.38, 3085.27, -1748.39, -13622.64, 32175.59, 3543.91, 3915.63, -22398.62, -9415.57, -11797.30, -4663.73, 27655.73, 5013.50, -25581.36, 2577.85, -15574.71, -3034.99, 11570.02, 3379.15, 569.37, -4237.72, 28613.52, -2095.31, 2329.03, -2774.24, -10659.55, -1047.12, 981.38, 1734.86, 9366.27, -10960.14, 731.09, -7495.97, 8565.35, -3414.93, -782.89, 15425.27, 323.26, 7885.37, -6356.20, 5818.00, 10933.14, -2648.74, -1601.29, 1697.72, 6564.65, -2095.31, 21032.05, -4416.80, -4896.77, 236.58, 9231.40, -1315.58, -12780.96, -12066.71, 9153.25, -6426.40, 857.76, -13161.00, 968.72, 1628.46, -15223.89, -60.49, -4887.26, -3224.15, -784.49, -5224.95, -2696.07, 480.96, -674.12, -3752.84, 2329.03, -4416.80, 22240.87, 7899.75, -1140.81, -3515.09, -11327.09, 6786.55, -22041.28, 4401.12, 658.31, 8321.64, -5567.01, 13414.60, 2468.73, -28309.05, 4036.02, -6181.54, 7594.99, 7629.01, 4473.87, -7419.68, -6714.81, -5049.39, -1790.90, -2774.24, -4896.77, 7899.75, 22203.51, 10293.02, -683.67, -19913.09, 23840.72, -14033.07, -5259.05, 14102.47, 23006.45, -3029.70, 20927.66, -7817.09, -22363.56, -1986.91, 9217.45, 21306.80, 17426.81, 20757.39, 652.18, 414.94, 4764.97, 143.38, -10659.55, 236.58, -1140.81, 10293.02, 26040.12, 1412.47, 5923.60, 5992.60, 6149.73, -11670.39, -763.81, -4048.60, 563.69, -14094.30, 7115.95, 6041.69, -6469.99, 6657.04, -16738.14, 8184.13, -847.70, -2291.77, -6489.30, 5222.22, 3085.27, -1047.12, 9231.40, -3515.09, -683.67, 1412.47, 23251.96],   mean:[306.33, 655.56, -93.75, -288.52, 288.07, -263.73, 393.39, 283.50, 132.04, 53.51, -69.85, -131.44, 54.43, 24.64, -0.45, -22.89, -72.90, -5.91, 58.38, -58.82, 9.96, -80.03, 0.76, 27.78, -11.69], 3744
Gaussian 3: pi:0.10	 cov:[92348.56, -70353.55, -27548.08, -2238.57, 12127.00, 5388.70, 7984.58, 5407.17, -9184.38, -241.44, -34577.23, -22095.36, -11156.87, 12661.54, -42895.74, -15933.71, -6012.08, -1310.98, 9415.00, -1154.68, 17778.41, 8235.08, 5990.39, -7168.06, -1216.32, -70353.55, 96012.72, -695.39, -7828.19, -9710.63, 12102.36, 1266.57, -419.86, 22602.94, -9083.51, 19460.66, 44307.26, -5630.59, 10690.44, 39265.03, 6889.03, -4386.59, 3034.23, -2294.38, -3276.25, -11055.34, -21943.89, 444.73, 11507.64, 13059.54, -27548.08, -695.39, 78249.40, 9468.64, -622.28, -21080.04, -19944.76, -4104.91, -19465.37, 35180.39, 29651.89, -35860.80, 18338.39, -3559.44, 3020.63, 27097.73, 15608.16, 15788.01, 12278.13, 23773.77, -14521.56, 11135.52, -13061.01, -15554.64, -11124.10, -2238.57, -7828.19, 9468.64, 89634.89, 16670.62, -8051.51, -49242.14, -4968.88, 9852.27, -9745.67, 6922.80, 5166.63, 7378.36, -2875.65, 12325.30, 9812.53, 17769.18, -1708.69, 20501.92, -10246.21, -4976.06, -8872.30, -10961.47, -3254.23, -17980.52, 12127.00, -9710.63, -622.28, 16670.62, 65768.57, 473.36, -315.50, 14663.72, 10150.70, 3128.48, 3519.87, -16929.57, 11738.99, -1382.53, -8908.49, 9898.09, 2247.19, 1986.08, -4917.71, 3756.03, -9581.29, 1636.48, -7608.60, -3245.80, 4326.18, 5388.70, 12102.36, -21080.04, -8051.51, 473.36, 82434.29, -10247.44, 6928.98, 6364.17, -13012.19, 3891.56, 33081.06, -19279.87, 31664.58, -3913.17, -9556.67, 240.38, -5252.63, -3441.27, -13200.43, 6876.02, -1343.60, -151.13, 15079.51, -978.83, 7984.58, 1266.57, -19944.76, -49242.14, -315.50, -10247.44, 75340.95, 6713.78, -4433.95, -10177.27, -5484.45, -19772.61, -5382.30, -8505.11, -996.56, -12030.87, -2589.72, -7967.66, -11228.90, -1442.14, 2793.96, -6104.23, -1566.24, 2839.19, 9272.81, 5407.17, -419.86, -4104.91, -4968.88, 14663.72, 6928.98, 6713.78, 39079.47, -5479.14, -4860.13, 974.61, -2614.06, 6220.59, 17187.22, -850.69, 2938.90, 2118.04, 483.30, 1261.35, -7268.04, 3294.73, 1658.21, -2270.60, 1136.01, 2322.67, -9184.38, 22602.94, -19465.37, 9852.27, 10150.70, 6364.17, -4433.95, -5479.14, 63095.24, -10281.59, 5293.72, 6940.27, -4283.77, 4960.32, -2831.54, -6638.27, -9180.65, -4888.28, -7620.62, -7945.10, 2542.20, -6158.98, 1211.05, -2972.98, 9455.75, -241.44, -9083.51, 35180.39, -9745.67, 3128.48, -13012.19, -10177.27, -4860.13, -10281.59, 67956.68, 7337.08, -9959.56, 18144.51, -20322.49, -16418.50, 18103.82, 1385.91, 10591.76, -9942.56, 23426.68, 4046.10, 4385.66, -6988.77, -19458.27, -7228.08, -34577.23, 19460.66, 29651.89, 6922.80, 3519.87, 3891.56, -5484.45, 974.61, 5293.72, 7337.08, 58491.13, -2000.45, 12374.24, -6488.16, 20679.38, 11529.60, -7130.52, -565.46, -6433.70, 11604.05, -17493.14, 401.25, -9395.31, 55.44, -2964.59, -22095.36, 44307.26, -35860.80, 5166.63, -16929.57, 33081.06, -19772.61, -2614.06, 6940.27, -9959.56, -2000.45, 86907.16, -14549.66, 10245.60, 23210.80, -6370.64, -5720.69, -685.70, -4124.71, -22600.91, 16307.82, -19056.82, 3290.99, 11427.21, 8424.18, -11156.87, -5630.59, 18338.39, 7378.36, 11738.99, -19279.87, -5382.30, 6220.59, -4283.77, 18144.51, 12374.24, -14549.66, 59282.25, -12635.65, -9959.06, 15237.09, 10692.65, 3844.26, -9968.17, 13051.72, -14931.92, 4545.18, -2785.20, -1244.11, -7019.34, 12661.54, 10690.44, -3559.44, -2875.65, -1382.53, 31664.58, -8505.11, 17187.22, 4960.32, -20322.49, -6488.16, 10245.60, -12635.65, 55082.52, -3248.26, -8755.29, 5276.10, 5216.50, 16820.76, -9066.42, 8889.12, 2385.00, 2067.52, 1693.04, 8240.58, -42895.74, 39265.03, 3020.63, 12325.30, -8908.49, -3913.17, -996.56, -850.69, -2831.54, -16418.50, 20679.38, 23210.80, -9959.06, -3248.26, 49330.70, 4681.72, 1581.47, -3152.27, 4125.95, -8763.79, -6696.54, -14063.65, -4221.57, 8081.37, 3273.46, -15933.71, 6889.03, 27097.73, 9812.53, 9898.09, -9556.67, -12030.87, 2938.90, -6638.27, 18103.82, 11529.60, -6370.64, 15237.09, -8755.29, 4681.72, 30929.69, 10253.03, 3397.99, 3049.03, 5070.01, -8186.02, -614.19, -1914.82, -4475.75, -5789.89, -6012.08, -4386.59, 15608.16, 17769.18, 2247.19, 240.38, -2589.72, 2118.04, -9180.65, 1385.91, -7130.52, -5720.69, 10692.65, 5276.10, 1581.47, 10253.03, 32383.75, 3017.17, 10131.96, -6282.65, 1356.61, -2537.95, -7872.73, -4304.91, -8890.00, -1310.98, 3034.23, 15788.01, -1708.69, 1986.08, -5252.63, -7967.66, 483.30, -4888.28, 10591.76, -565.46, -685.70, 3844.26, 5216.50, -3152.27, 3397.99, 3017.17, 20429.39, 2362.72, 4496.75, 501.36, 7433.78, -3965.21, -8020.48, 3155.18, 9415.00, -2294.38, 12278.13, 20501.92, -4917.71, -3441.27, -11228.90, 1261.35, -7620.62, -9942.56, -6433.70, -4124.71, -9968.17, 16820.76, 4125.95, 3049.03, 10131.96, 2362.72, 35907.41, -6962.94, 10266.43, -6370.53, -3001.80, -991.90, -6961.14, -1154.68, -3276.25, 23773.77, -10246.21, 3756.03, -13200.43, -1442.14, -7268.04, -7945.10, 23426.68, 11604.05, -22600.91, 13051.72, -9066.42, -8763.79, 5070.01, -6282.65, 4496.75, -6962.94, 35877.55, -13484.94, 7409.59, -644.70, -5031.07, -5455.33, 17778.41, -11055.34, -14521.56, -4976.06, -9581.29, 6876.02, 2793.96, 3294.73, 2542.20, 4046.10, -17493.14, 16307.82, -14931.92, 8889.12, -6696.54, -8186.02, 1356.61, 501.36, 10266.43, -13484.94, 40911.92, -4271.05, -2949.20, -6698.30, 1679.18, 8235.08, -21943.89, 11135.52, -8872.30, 1636.48, -1343.60, -6104.23, 1658.21, -6158.98, 4385.66, 401.25, -19056.82, 4545.18, 2385.00, -14063.65, -614.19, -2537.95, 7433.78, -6370.53, 7409.59, -4271.05, 26511.49, 2617.13, -1521.45, -1296.23, 5990.39, 444.73, -13061.01, -10961.47, -7608.60, -151.13, -1566.24, -2270.60, 1211.05, -6988.77, -9395.31, 3290.99, -2785.20, 2067.52, -4221.57, -1914.82, -7872.73, -3965.21, -3001.80, -644.70, -2949.20, 2617.13, 22107.02, 8427.03, 3314.49, -7168.06, 11507.64, -15554.64, -3254.23, -3245.80, 15079.51, 2839.19, 1136.01, -2972.98, -19458.27, 55.44, 11427.21, -1244.11, 1693.04, 8081.37, -4475.75, -4304.91, -8020.48, -991.90, -5031.07, -6698.30, -1521.45, 8427.03, 29890.05, -1233.31, -1216.32, 13059.54, -11124.10, -17980.52, 4326.18, -978.83, 9272.81, 2322.67, 9455.75, -7228.08, -2964.59, 8424.18, -7019.34, 8240.58, 3273.46, -5789.89, -8890.00, 3155.18, -6961.14, -5455.33, 1679.18, -1296.23, 3314.49, -1233.31, 26323.83],   mean:[280.90, 527.18, 257.29, -222.20, -74.92, -74.50, -35.33, -133.20, -5.48, 291.04, -12.21, 86.64, -112.78, 22.37, -26.76, -11.51, 1.19, 22.69, 21.08, 14.75, 35.23, 3.45, -48.79, 13.67, 9.54], 6254
Gaussian 4: pi:0.14	 cov:[113789.81, 15556.80, -4766.44, 22617.71, 28941.03, 13826.68, -11685.54, 25318.82, 15632.47, -24313.74, 9661.41, -7701.59, -8249.21, 5774.37, 3908.12, 18738.43, -719.49, -28114.91, -2288.70, 24958.61, 10242.52, 12130.28, -26310.27, 5668.15, 2695.23, 15556.80, 110092.34, 4298.93, -3810.82, 15765.12, 4401.35, -24982.98, -71425.53, -14203.99, -32801.11, 21763.63, -29696.99, 1248.40, -9863.12, -11163.87, 13589.00, -27245.19, -20478.50, 337.08, -4439.88, 9748.50, -6463.23, 7847.74, -9788.74, 7161.63, -4766.44, 4298.93, 146891.04, -37990.40, 11911.31, 29235.04, -14316.99, 37039.48, 36677.92, -49478.92, -49440.37, 22921.42, 18818.87, -30141.13, 10266.94, -2498.71, -23982.08, 15089.82, 9549.47, 19908.58, 1400.05, -9748.22, 3926.70, -11085.14, 4360.21, 22617.71, -3810.82, -37990.40, 122518.10, 34756.47, 5635.90, 18958.13, -15521.28, -9704.07, 48825.55, 4460.37, -4266.04, -1541.05, 45598.68, -6739.20, 5879.98, -6068.47, 16014.85, -18572.21, -14760.84, -10400.71, -8234.40, 4198.35, 12741.31, -15016.23, 28941.03, 15765.12, 11911.31, 34756.47, 105070.61, 19297.43, -1988.73, -5251.19, 6782.58, 9265.15, -11627.88, -19527.82, 13323.89, 14184.69, -11736.19, 6298.70, 12523.61, 16884.76, -236.12, -22051.62, -18473.75, 2599.10, -4463.77, -2235.95, 948.62, 13826.68, 4401.35, 29235.04, 5635.90, 19297.43, 97124.46, 13244.50, -2637.18, 3528.76, -2988.69, -18324.76, -20060.59, 9051.75, -10474.18, 1733.65, 22678.24, -4935.90, 11933.32, 4196.48, 2395.15, -7924.14, -3398.22, -17091.36, 7229.22, 14342.00, -11685.54, -24982.98, -14316.99, 18958.13, -1988.73, 13244.50, 82959.46, 26274.58, -26793.44, 15108.50, -8272.34, -2212.60, 12348.07, 16740.73, -1162.86, -96.94, 260.17, 6696.98, -3429.24, 1678.63, -19508.75, 2395.77, -2425.15, 6121.88, -8723.14, 25318.82, -71425.53, 37039.48, -15521.28, -5251.19, -2637.18, 26274.58, 127860.17, 14836.87, 3468.23, -33438.57, 34420.10, 9965.39, -11243.31, 21234.63, -21867.19, 21937.67, -885.87, 8512.17, 27798.60, -2585.50, 13947.59, -15177.06, -289.72, 1372.18, 15632.47, -14203.99, 36677.92, -9704.07, 6782.58, 3528.76, -26793.44, 14836.87, 88038.62, -22931.68, -25457.07, 7091.47, 12010.20, -31018.67, 18313.04, -3631.44, 3414.98, 7796.25, 1045.62, 5888.48, 9102.79, -2595.88, -17395.07, -5599.55, 704.31, -24313.74, -32801.11, -49478.92, 48825.55, 9265.15, -2988.69, 15108.50, 3468.23, -22931.68, 84487.83, 3202.35, 6527.58, 3648.08, 32112.14, -9119.96, -21018.76, 16292.73, 12962.24, -9531.11, -21997.26, -17350.74, 9356.17, 12330.56, 7032.69, -11963.84, 9661.41, 21763.63, -49440.37, 4460.37, -11627.88, -18324.76, -8272.34, -33438.57, -25457.07, 3202.35, 71236.89, -11508.94, -14084.68, 10246.57, -18694.93, 3419.37, -4995.66, -13947.54, 3819.79, -4119.87, 1653.13, 8213.19, 5178.60, 3741.34, -2854.56, -7701.59, -29696.99, 22921.42, -4266.04, -19527.82, -20060.59, -2212.60, 34420.10, 7091.47, 6527.58, -11508.94, 58472.02, -2050.80, -7422.11, 9200.71, -885.17, -7000.45, 1731.97, 239.84, 14944.31, -2082.55, 6200.67, 3361.38, -5842.02, -11291.32, -8249.21, 1248.40, 18818.87, -1541.05, 13323.89, 9051.75, 12348.07, 9965.39, 12010.20, 3648.08, -14084.68, -2050.80, 37861.47, -3937.42, -129.19, -10285.06, 971.93, 9293.57, 1872.07, -3814.47, -584.15, -4086.21, 46.70, -6060.67, 2423.32, 5774.37, -9863.12, -30141.13, 45598.68, 14184.69, -10474.18, 16740.73, -11243.31, -31018.67, 32112.14, 10246.57, -7422.11, -3937.42, 72031.01, -8157.59, 8502.07, 13684.01, 6270.04, -9094.94, -1405.08, -10016.80, 3517.72, 1125.11, 5483.52, -14919.93, 3908.12, -11163.87, 10266.94, -6739.20, -11736.19, 1733.65, -1162.86, 21234.63, 18313.04, -9119.96, -18694.93, 9200.71, -129.19, -8157.59, 41427.49, -2189.96, 5277.52, -6433.68, 8103.73, 11304.85, 1676.74, 2786.70, -10971.99, -9335.72, -1403.55, 18738.43, 13589.00, -2498.71, 5879.98, 6298.70, 22678.24, -96.94, -21867.19, -3631.44, -21018.76, 3419.37, -885.17, -10285.06, 8502.07, -2189.96, 78847.61, -5795.18, 5142.30, 981.36, 8759.88, 2377.89, -7495.29, -12216.77, 10814.70, 9692.20, -719.49, -27245.19, -23982.08, -6068.47, 12523.61, -4935.90, 260.17, 21937.67, 3414.98, 16292.73, -4995.66, -7000.45, 971.93, 13684.01, 5277.52, -5795.18, 56146.45, -2647.24, 3173.98, -4151.53, -1369.90, 6287.28, -5823.55, -6150.33, -1841.72, -28114.91, -20478.50, 15089.82, 16014.85, 16884.76, 11933.32, 6696.98, -885.87, 7796.25, 12962.24, -13947.54, 1731.97, 9293.57, 6270.04, -6433.68, 5142.30, -2647.24, 53298.86, -2505.55, -13851.37, -8649.07, -12535.85, 1924.02, 10165.41, -744.15, -2288.70, 337.08, 9549.47, -18572.21, -236.12, 4196.48, -3429.24, 8512.17, 1045.62, -9531.11, 3819.79, 239.84, 1872.07, -9094.94, 8103.73, 981.36, 3173.98, -2505.55, 49891.82, 16228.70, -2454.40, 2610.17, 3218.42, 1585.83, 7016.55, 24958.61, -4439.88, 19908.58, -14760.84, -22051.62, 2395.15, 1678.63, 27798.60, 5888.48, -21997.26, -4119.87, 14944.31, -3814.47, -1405.08, 11304.85, 8759.88, -4151.53, -13851.37, 16228.70, 59280.67, 5534.65, 5059.92, -7931.48, 6924.73, 9907.91, 10242.52, 9748.50, 1400.05, -10400.71, -18473.75, -7924.14, -19508.75, -2585.50, 9102.79, -17350.74, 1653.13, -2082.55, -584.15, -10016.80, 1676.74, 2377.89, -1369.90, -8649.07, -2454.40, 5534.65, 37942.82, -2118.39, 2731.37, -3254.44, 469.74, 12130.28, -6463.23, -9748.22, -8234.40, 2599.10, -3398.22, 2395.77, 13947.59, -2595.88, 9356.17, 8213.19, 6200.67, -4086.21, 3517.72, 2786.70, -7495.29, 6287.28, -12535.85, 2610.17, 5059.92, -2118.39, 37919.50, -3146.89, -7641.77, 1988.94, -26310.27, 7847.74, 3926.70, 4198.35, -4463.77, -17091.36, -2425.15, -15177.06, -17395.07, 12330.56, 5178.60, 3361.38, 46.70, 1125.11, -10971.99, -12216.77, -5823.55, 1924.02, 3218.42, -7931.48, 2731.37, -3146.89, 38519.04, -4599.35, -7408.07, 5668.15, -9788.74, -11085.14, 12741.31, -2235.95, 7229.22, 6121.88, -289.72, -5599.55, 7032.69, 3741.34, -5842.02, -6060.67, 5483.52, -9335.72, 10814.70, -6150.33, 10165.41, 1585.83, 6924.73, -3254.44, -7641.77, -4599.35, 34179.85, 8229.49, 2695.23, 7161.63, 4360.21, -15016.23, 948.62, 14342.00, -8723.14, 1372.18, 704.31, -11963.84, -2854.56, -11291.32, 2423.32, -14919.93, -1403.55, 9692.20, -1841.72, -744.15, 7016.55, 9907.91, 469.74, 1988.94, -7408.07, 8229.49, 44077.75],   mean:[-250.57, -399.00, -497.85, -241.51, -47.99, 142.63, -119.26, 130.07, 5.93, 162.57, 48.18, -12.99, -17.45, -68.79, -65.97, -23.62, 19.66, 13.22, 32.96, -35.82, -16.67, -10.51, -7.86, 7.13, 33.59], 8331
Gaussian 5: pi:0.08	 cov:[131317.56, -9871.53, -9513.74, 46168.82, 101253.32, 53607.87, 41501.88, 18582.84, -4827.88, -8788.33, -1745.71, 26251.06, -36831.32, -1763.36, -7878.23, -18414.20, 14976.36, -71.30, 9653.04, 19037.66, 7638.36, 10654.26, 18489.52, -2069.24, -16255.12, -9871.53, 66993.00, 1518.96, -10393.58, -2505.82, -6691.66, 3966.53, -21845.35, -283.03, -210.64, 11886.98, -1335.96, 2967.76, -11355.96, -17930.27, 4500.46, -1308.48, -5067.08, -8156.76, -3392.93, -6567.00, 13467.72, 22773.66, -7257.17, 8189.58, -9513.74, 1518.96, 126375.90, -52457.16, -15194.91, -12297.51, 4525.09, -32436.11, 35505.14, 468.84, -4923.32, 9040.53, 24807.86, 23192.20, 15792.53, -32778.82, -12488.85, 8910.66, 9616.37, -19400.17, -20922.62, 8687.63, -6063.99, 3763.92, -13010.80, 46168.82, -10393.58, -52457.16, 97462.35, 55711.18, 24537.78, -1573.61, 22347.78, -2436.71, 22488.85, 13601.04, 2695.58, -16550.45, -12565.17, -9759.71, 18204.83, 4570.65, 11730.78, 2890.01, 15853.24, 2907.19, -11018.26, 13849.41, 1653.00, 291.67, 101253.32, -2505.82, -15194.91, 55711.18, 134035.26, 55643.48, 6124.52, 23758.88, 11955.80, 875.17, 19991.54, 19981.85, -33435.49, -4095.89, -13843.04, -16411.62, 8527.99, -6786.45, 9686.09, 10778.51, -9054.02, -3540.81, 15460.81, -3954.67, -3355.88, 53607.87, -6691.66, -12297.51, 24537.78, 55643.48, 100048.75, 26930.27, 21996.03, -10444.57, -18813.20, 10599.83, 20307.67, -8559.23, -5572.80, -9676.34, -5234.33, 7387.36, 10155.48, 7044.41, 22366.25, 1971.10, -17134.04, -1839.57, 2628.72, -6453.44, 41501.88, 3966.53, 4525.09, -1573.61, 6124.52, 26930.27, 86919.32, -39.08, -22516.52, -3689.41, 9012.50, 18345.90, -11840.04, -13884.94, 821.45, 4581.69, 15774.40, 11899.40, 5678.12, 12304.82, -1569.47, 5380.22, 15135.65, -2130.57, -7281.00, 18582.84, -21845.35, -32436.11, 22347.78, 23758.88, 21996.03, -39.08, 54261.58, -2976.35, -2058.70, 2167.38, 9743.97, -11709.82, -885.86, -2396.97, 828.98, 1007.40, -2654.92, 7525.90, 14554.70, 218.38, -7638.17, -21741.28, 953.79, 1972.78, -4827.88, -283.03, 35505.14, -2436.71, 11955.80, -10444.57, -22516.52, -2976.35, 71529.28, 8690.85, -3505.59, 8420.39, 11393.53, 9284.08, 2745.90, -12708.89, -1328.28, 713.20, 968.28, -6633.05, -12342.47, 13575.59, -15450.01, 4936.88, -8743.36, -8788.33, -210.64, 468.84, 22488.85, 875.17, -18813.20, -3689.41, -2058.70, 8690.85, 45742.38, 5620.14, -5613.10, -3318.99, -4948.72, -507.22, 5839.68, -4561.25, 6971.46, -1135.83, -4348.60, 632.35, 393.70, 1741.96, 6770.34, 6499.34, -1745.71, 11886.98, -4923.32, 13601.04, 19991.54, 10599.83, 9012.50, 2167.38, -3505.59, 5620.14, 59564.12, 5313.48, 3898.57, -1560.25, -11887.54, 403.53, 6529.53, -687.33, 1423.48, -1139.74, -16727.09, -2292.82, 6751.89, -7700.90, 11343.52, 26251.06, -1335.96, 9040.53, 2695.58, 19981.85, 20307.67, 18345.90, 9743.97, 8420.39, -5613.10, 5313.48, 49210.58, -2747.57, 5185.32, 1695.82, -6451.09, 4815.80, -7598.84, 8389.91, 3719.70, -8757.87, -6469.13, 3975.05, -12186.35, -7712.38, -36831.32, 2967.76, 24807.86, -16550.45, -33435.49, -8559.23, -11840.04, -11709.82, 11393.53, -3318.99, 3898.57, -2747.57, 54293.64, 10168.58, 261.76, 748.72, -122.72, 4789.22, 79.23, -7549.39, -5877.95, -1724.92, -13130.09, 1846.86, 3410.25, -1763.36, -11355.96, 23192.20, -12565.17, -4095.89, -5572.80, -13884.94, -885.86, 9284.08, -4948.72, -1560.25, 5185.32, 10168.58, 43460.06, 3854.40, -15534.30, -3605.87, -3262.00, 848.78, -1534.14, -5692.31, 1133.04, -5389.73, 984.13, -5951.45, -7878.23, -17930.27, 15792.53, -9759.71, -13843.04, -9676.34, 821.45, -2396.97, 2745.90, -507.22, -11887.54, 1695.82, 261.76, 3854.40, 27549.59, -1227.66, -6414.60, 859.16, -263.94, -3122.31, -1529.20, -369.43, -5547.62, 5241.34, -2834.16, -18414.20, 4500.46, -32778.82, 18204.83, -16411.62, -5234.33, 4581.69, 828.98, -12708.89, 5839.68, 403.53, -6451.09, 748.72, -15534.30, -1227.66, 51343.14, 3389.37, 5156.88, -8416.54, 1864.62, 9994.12, 4896.49, 10678.73, 677.64, 2088.58, 14976.36, -1308.48, -12488.85, 4570.65, 8527.99, 7387.36, 15774.40, 1007.40, -1328.28, -4561.25, 6529.53, 4815.80, -122.72, -3605.87, -6414.60, 3389.37, 25374.41, 1121.79, 1689.65, 4673.89, 1862.22, 2033.65, 3969.22, -1403.37, -546.04, -71.30, -5067.08, 8910.66, 11730.78, -6786.45, 10155.48, 11899.40, -2654.92, 713.20, 6971.46, -687.33, -7598.84, 4789.22, -3262.00, 859.16, 5156.88, 1121.79, 42593.41, 3790.85, 3324.17, 7438.14, 2129.53, 4940.43, 1033.06, -1743.36, 9653.04, -8156.76, 9616.37, 2890.01, 9686.09, 7044.41, 5678.12, 7525.90, 968.28, -1135.83, 1423.48, 8389.91, 79.23, 848.78, -263.94, -8416.54, 1689.65, 3790.85, 23902.06, 1703.11, -4062.89, -4427.42, -2573.42, -119.04, 1671.42, 19037.66, -3392.93, -19400.17, 15853.24, 10778.51, 22366.25, 12304.82, 14554.70, -6633.05, -4348.60, -1139.74, 3719.70, -7549.39, -1534.14, -3122.31, 1864.62, 4673.89, 3324.17, 1703.11, 33263.85, 2662.81, -2139.74, -1123.03, -3979.58, -1130.70, 7638.36, -6567.00, -20922.62, 2907.19, -9054.02, 1971.10, -1569.47, 218.38, -12342.47, 632.35, -16727.09, -8757.87, -5877.95, -5692.31, -1529.20, 9994.12, 1862.22, 7438.14, -4062.89, 2662.81, 44093.15, -415.80, 7287.46, -1468.08, -4504.13, 10654.26, 13467.72, 8687.63, -11018.26, -3540.81, -17134.04, 5380.22, -7638.17, 13575.59, 393.70, -2292.82, -6469.13, -1724.92, 1133.04, -369.43, 4896.49, 2033.65, 2129.53, -4427.42, -2139.74, -415.80, 42810.10, 6420.20, 3187.15, -2639.48, 18489.52, 22773.66, -6063.99, 13849.41, 15460.81, -1839.57, 15135.65, -21741.28, -15450.01, 1741.96, 6751.89, 3975.05, -13130.09, -5389.73, -5547.62, 10678.73, 3969.22, 4940.43, -2573.42, -1123.03, 7287.46, 6420.20, 44417.54, -9816.37, -536.27, -2069.24, -7257.17, 3763.92, 1653.00, -3954.67, 2628.72, -2130.57, 953.79, 4936.88, 6770.34, -7700.90, -12186.35, 1846.86, 984.13, 5241.34, 677.64, -1403.37, 1033.06, -119.04, -3979.58, -1468.08, 3187.15, -9816.37, 25850.07, 450.18, -16255.12, 8189.58, -13010.80, 291.67, -3355.88, -6453.44, -7281.00, 1972.78, -8743.36, 6499.34, 11343.52, -7712.38, 3410.25, -5951.45, -2834.16, 2088.58, -546.04, -1743.36, 1671.42, -1130.70, -4504.13, -2639.48, -536.27, 450.18, 24480.95],   mean:[195.88, -194.24, -226.73, -219.34, -288.26, -22.55, 27.51, -218.20, 128.72, -133.45, 41.98, -10.09, 163.93, 42.18, 49.53, 101.87, 61.02, -20.01, -83.44, 14.51, 75.97, 53.60, -58.63, 39.22, -12.60], 4814
